全窗口
| Linear    | 0.2346 | 0.2111 | 0.3567 |
| CV-KF     | 0.2312 | 0.2078 | 0.3520 |
| CA-KF     | 0.1702 | 0.1434 | 0.2830 |
| IMM-CV/CA | 0.1974 | 0.1763 | 0.3014 |

window 236
| Linear    | 0.2473 | 0.2083 | 0.4691 |
| CV-KF     | 0.2642 | 0.1952 | 0.5487 |
| CA-KF     | 0.4993 | 0.2682 | 1.1067 |
| IMM-CV/CA | 0.3035 | 0.1947 | 0.6586|

window 245
| Linear    | 0.6552 | 0.6249 | 0.9052 |
| CV-KF     | 0.4568 | 0.4329 | 0.6409 |
| CA-KF     | 0.4969 | 0.4305 | 0.8142 |
| IMM-CV/CA | 0.2895 | 0.2773 | 0.3922 |

window 700

| Linear    | 1.0085 | 0.9142 | 1.5380 |
| CV-KF     | 0.8966 | 0.8054 | 1.3838 |
| CA-KF     | 0.1673 | 0.1525 | 0.2202 |
| IMM-CV/CA | 0.7509 | 0.6751 | 1.1522 |


